6.37972
6.89263
5.15409
4.66891
2.69343
2.64882
6.01887
5.20058
4.06371
5.61634
2.43873
6.01481
4.41648
1.8078
2.3042
5.07492
5.12716
6.11298
5.06552
5.91845
2.0811
5.0679
6.05874
2.04896
5.51556
1.37092
5.47857
5.7935
5.89991
2.06344
4.6075
5.5045
4.82481
5.86655
5.56888
2.77419
6.06928
2.74969
4.56077
4.5973
1.44516
5.59432
6.13956
5.90878
2.55439
1.88348
6.13781
5.10462
1.34656
4.72612
5.81127
2.26906
5.93772
6.35602
3.72348
4.90812
4.78381
6.73881
5.27542
5.72076
3.32533
5.76312
2.78254
6.643
5.01709
5.02594
1.6355
1.72872
4.22929
5.9187
1.09563
5.50882
5.67078
4.68436
2.76761
4.39481
5.97126
5.47945
5.96026
5.6148
5.24793
1.06633
2.17052
1.63256
6.05888
2.53692
4.90182
5.95027
4.37827
4.96921
2.01763
5.10925
4.41924
6.67799
4.17024
1.66527
2.3031
5.40239
5.95996
4.17869
5.44182
2.0865
5.32894
6.19093
4.2374
5.8459
5.5009
5.73617
5.61445
5.81174
3.36247
6.13964
4.19671
3.85815
5.37625
4.31331
6.36435
5.23157
5.02044
5.00718
1.63722
5.05135
7.02878
2.75568
6.92907
3.43152
3.44747
1.98587
6.4585
5.83307
5.72408
5.58159
1.65712
2.43743
4.805
2.14226
5.32672
1.32201
2.44534
2.81542
5.61739
4.98386
5.153
6.74368
5.50763
6.60991
1.23709
1.2228
1.81803
6.91468
6.62117
5.23059
6.43095
5.1394
4.13843
2.69419
5.5118
4.36644
4.83286
5.64273
5.69169
4.87371
5.33689
3.4191
4.9441
5.6271
2.91375
1.76451
2.60445
5.19897
4.50182
0.59191
1.90373
2.13798
6.69994
3.53324
5.39315
4.42527
4.47786
6.28737
5.09781
6.07665
7.90615
4.86185
1.55532
4.71268
5.79494
3.34109
4.3709
3.05566
5.12488
5.90585
5.08781
7.46078
5.67053
5.90443
5.21163
2.7655
2.25252
4.55053
1.93546
4.13562
4.69773
6.06933
6.12795
5.42804
5.72416
5.34393
0.69585
4.65515
5.43374
5.48687
5.21788
7.63244
5.33659
6.40057
2.22777
5.21694
5.36469
4.57796
5.47245
1.49887
5.7032
5.49312
2.72916
5.84936
1.89705
2.7722
5.08018
5.69529
4.36989
5.28311
5.13169
6.02299
6.22255
2.70393
6.5913
5.62203
3.2104
2.9527
1.90462
4.00413
6.11081
2.02374
6.72849
6.46228
2.3904
6.55908
5.16942
4.86947
5.88634
5.99269
5.83357
6.02751
1.82715
1.54931
5.85097
5.75089
5.73464
5.23904
2.15276
3.09568
4.23994
4.4619
2.53071
3.39241
1.87895
6.09933
6.09995
6.2849
4.98188
4.6043
1.11505
4.83584
5.60717
6.12346
2.53867
2.92965
6.0239
5.93167
2.62602
4.82378
5.66933
6.28536
6.15435
5.74422
5.12167
5.38994
5.06345
5.21749
4.45366
6.15951
2.45382
7.12099
4.77044
1.96003
3.14647
4.43698
3.93821
5.74834
5.40688
6.2554
1.15821
4.98778
3.12136
3.04426
0.95672
1.34265
2.90109
5.61171
1.53423
5.03384
3.10358
5.48483
2.07227
5.59581
2.79586
5.33475
1.92967
1.87703
4.58876
3.9031
5.10461
6.11862
4.43903
2.59162
5.08188
6.00445
0.87197
2.83902
6.96155
6.87411
6.25248
6.33682
2.84363
3.47911
4.42303
4.83683
6.45752
5.50034
3.06757
5.54842
3.34971
2.31904
5.53868
6.24559
2.52931
2.45825
5.32811
2.0491
4.37461
1.91575
5.56264
5.68563
4.97576
6.74176
3.62971
5.42871
5.24813
6.22542
5.64914
5.91871
2.12731
5.19936
6.07733
6.50842
5.59269
4.27661
5.58051
2.4087
3.1138
4.62948
2.0867
4.59176
4.79329
2.95687
2.1664
2.7725
5.01852
4.12822
4.58117
6.2093
3.36992
1.88378
2.5495
5.00761
6.16384
2.77896
4.99527
5.28464
4.82995
7.16257
6.01548
5.63518
2.52778
1.97472
2.67374
3.21692
5.86745
1.22275
5.7226
2.09385
4.38724
4.92902
5.47714
5.21019
5.65207
6.65516
6.19385
4.0919
5.87014
5.07621
6.15967
2.55573
2.90006
5.43087
5.93358
5.03146
5.29872
6.38488
5.82106
6.25938
1.76136
5.24384
3.01773
4.51573
5.57516
5.17039
3.12985
2.04493
6.01134
3.77213
5.30371
4.92681
5.45036
3.05713
2.4399
3.48523
3.52455
4.84591
4.58876
5.73559
5.35061
6.63627
6.64507
1.76159
5.70098
5.89449
5.58095
6.17465
3.85302
6.01992
5.84137
5.2609
6.1412
5.23654
1.97655
6.21723
5.58478
2.2191
2.32637
2.22479
6.19112
3.31399
5.70979
4.63436
5.8388
4.8762
5.08289
5.89875
5.99576
4.23973
5.67905
5.04229
5.50024
1.18986
2.00304
2.44584
5.43284
5.64817
5.90012
1.46974
4.06121
5.20028
3.36845
6.52026
1.72347
2.64744
5.27997
6.30233
2.40895
3.54521
4.61643
4.18316
6.09027
1.68541
2.19747
5.96209
4.92841
2.83534
